=============================================================== BACKTESTING REPORT ==============================================================
|          Pair |   Entries |   Avg Profit % |   Cum Profit % |   Tot Profit USDT |   Tot Profit % |     Avg Duration |   Win  Draw  Loss  Win% |
|---------------+-----------+----------------+----------------+-------------------+----------------+------------------+-------------------------|
|     API3/USDT |        90 |           0.68 |          60.77 |            48.833 |           0.49 |         10:05:00 |    74    10     6  82.2 |
|    LUNA2/USDT |       125 |           0.49 |          60.76 |            45.897 |           0.46 |          4:43:00 |    96    17    12  76.8 |
|    1INCH/USDT |        91 |           0.60 |          54.41 |            43.923 |           0.44 |         10:11:00 |    63    15    13  69.2 |
|      ANT/USDT |        84 |           0.59 |          49.56 |            40.558 |           0.41 |         12:00:00 |    59    17     8  70.2 |
|      SFP/USDT |        87 |           0.56 |          48.98 |            38.691 |           0.39 |         10:45:00 |    58    15    14  66.7 |
|     ROSE/USDT |        86 |           0.56 |          48.09 |            38.379 |           0.38 |          9:50:00 |    59    16    11  68.6 |
|      RLC/USDT |        58 |           0.78 |          45.26 |            36.477 |           0.36 |         19:19:00 |    37    12     9  63.8 |
|    SPELL/USDT |       113 |           0.42 |          47.09 |            35.502 |           0.36 |          5:04:00 |    76    25    12  67.3 |
|     DASH/USDT |        62 |           0.67 |          41.37 |            33.496 |           0.33 |         16:52:00 |    44    11     7  71.0 |
|      GMT/USDT |        70 |           0.61 |          42.46 |            33.338 |           0.33 |         12:59:00 |    49    14     7  70.0 |
|      ETC/USDT |        63 |           0.65 |          40.99 |            32.881 |           0.33 |         15:05:00 |    49     8     6  77.8 |
|      XLM/USDT |       107 |           0.35 |          37.86 |            30.296 |           0.30 |          6:55:00 |    81    17     9  75.7 |
|      VET/USDT |        95 |           0.40 |          37.71 |            29.357 |           0.29 |          9:00:00 |    65    17    13  68.4 |
|     GALA/USDT |        79 |           0.42 |          33.29 |            26.403 |           0.26 |         10:49:00 |    53    17     9  67.1 |
|      BLZ/USDT |        70 |           0.46 |          32.22 |            23.846 |           0.24 |         14:22:00 |    52    10     8  74.3 |
|      LDO/USDT |        52 |           0.56 |          29.19 |            22.759 |           0.23 |         23:19:00 |    39     7     6  75.0 |
|      BCH/USDT |        74 |           0.38 |          28.12 |            22.443 |           0.22 |         12:21:00 |    51    19     4  68.9 |
|      YFI/USDT |        84 |           0.33 |          27.86 |            21.498 |           0.21 |         11:14:00 |    63    15     6  75.0 |
|     LINA/USDT |        52 |           0.51 |          26.72 |            20.959 |           0.21 |         21:13:00 |    35    11     6  67.3 |
|      TRX/USDT |        84 |           0.31 |          26.21 |            20.659 |           0.21 |         10:35:00 |    68    11     5  81.0 |
|     LINK/USDT |        45 |           0.56 |          25.22 |            19.742 |           0.20 |   1 day, 1:48:00 |    24    14     7  53.3 |
|      LRC/USDT |        81 |           0.32 |          25.65 |            18.570 |           0.19 |         11:27:00 |    55    15    11  67.9 |
|     AAVE/USDT |        68 |           0.36 |          24.42 |            18.097 |           0.18 |         14:31:00 |    44     9    15  64.7 |
|   PEOPLE/USDT |        99 |           0.21 |          20.52 |            17.108 |           0.17 |          8:17:00 |    72    15    12  72.7 |
|     CELR/USDT |        55 |           0.39 |          21.35 |            16.982 |           0.17 |         20:28:00 |    39    10     6  70.9 |
|      MTL/USDT |        88 |           0.26 |          23.11 |            16.557 |           0.17 |         10:35:00 |    69    13     6  78.4 |
|     COTI/USDT |        39 |           0.52 |          20.38 |            16.376 |           0.16 |   1 day, 7:58:00 |    29     4     6  74.4 |
|      QNT/USDT |        65 |           0.34 |          21.87 |            16.225 |           0.16 |          9:00:00 |    36    16    13  55.4 |
|      XMR/USDT |        72 |           0.27 |          19.53 |            15.608 |           0.16 |         15:12:00 |    46    13    13  63.9 |
|     UNFI/USDT |        74 |           0.30 |          22.15 |            15.460 |           0.15 |         11:24:00 |    53    14     7  71.6 |
|      REN/USDT |       107 |           0.18 |          19.71 |            14.545 |           0.15 |          6:45:00 |    74    18    15  69.2 |
|      ADA/USDT |        52 |           0.34 |          17.69 |            14.321 |           0.14 |         20:36:00 |    40     7     5  76.9 |
|    WAVES/USDT |        79 |           0.25 |          19.45 |            13.708 |           0.14 |         10:30:00 |    56    14     9  70.9 |
|      OGN/USDT |        76 |           0.25 |          19.12 |            13.589 |           0.14 |         13:32:00 |    49    13    14  64.5 |
|      DAR/USDT |       100 |           0.20 |          20.15 |            13.218 |           0.13 |          8:16:00 |    70    20    10  70.0 |
|      XRP/USDT |        35 |           0.47 |          16.38 |            12.944 |           0.13 |  1 day, 11:07:00 |    25     3     7  71.4 |
|      CRV/USDT |        72 |           0.27 |          19.38 |            12.720 |           0.13 |         12:21:00 |    46    18     8  63.9 |
|      APT/USDT |        70 |           0.23 |          16.45 |            12.171 |           0.12 |          7:25:00 |    48    11    11  68.6 |
|      BNX/USDT |        81 |           0.20 |          16.04 |            11.698 |           0.12 |         10:27:00 |    50    21    10  61.7 |
|      LPT/USDT |        41 |           0.36 |          14.56 |            11.362 |           0.11 |   1 day, 5:20:00 |    28     6     7  68.3 |
|    STORJ/USDT |        86 |           0.20 |          16.79 |            11.308 |           0.11 |         10:06:00 |    56    17    13  65.1 |
|      ZIL/USDT |        93 |           0.17 |          16.19 |            10.832 |           0.11 |          9:30:00 |    68    13    12  73.1 |
|      DGB/USDT |        34 |           0.39 |          13.15 |            10.599 |           0.11 |  1 day, 11:09:00 |    27     4     3  79.4 |
|    ALPHA/USDT |        55 |           0.26 |          14.42 |            10.312 |           0.10 |         19:18:00 |    40     9     6  72.7 |
|      NEO/USDT |        90 |           0.16 |          14.44 |             9.944 |           0.10 |          9:20:00 |    59    21    10  65.6 |
|      ZEN/USDT |        51 |           0.25 |          12.87 |             9.892 |           0.10 |         22:41:00 |    41     3     7  80.4 |
|     KAVA/USDT |       103 |           0.13 |          13.73 |             9.485 |           0.09 |          7:55:00 |    64    22    17  62.1 |
|    OCEAN/USDT |       117 |           0.14 |          15.94 |             9.469 |           0.09 |          6:11:00 |    77    23    17  65.8 |
|     ANKR/USDT |        88 |           0.15 |          13.39 |             9.190 |           0.09 |          9:37:00 |    59    14    15  67.0 |
|    AUDIO/USDT |        34 |           0.34 |          11.42 |             8.945 |           0.09 |  1 day, 13:12:00 |    21     7     6  61.8 |
|      XEM/USDT |        39 |           0.28 |          10.86 |             8.349 |           0.08 |         23:26:00 |    25     7     7  64.1 |
|     HBAR/USDT |       107 |           0.11 |          12.03 |             8.212 |           0.08 |          7:30:00 |    67    25    15  62.6 |
|      XTZ/USDT |        59 |           0.17 |          10.11 |             7.323 |           0.07 |         17:18:00 |    46     7     6  78.0 |
|      ONT/USDT |        47 |           0.21 |           9.70 |             7.307 |           0.07 |   1 day, 1:38:00 |    31     8     8  66.0 |
|      RSR/USDT |        95 |           0.11 |          10.32 |             7.291 |           0.07 |          9:29:00 |    64    20    11  67.4 |
|      KSM/USDT |        40 |           0.23 |           9.23 |             7.261 |           0.07 |   1 day, 7:25:00 |    23     9     8  57.5 |
|      UNI/USDT |        36 |           0.25 |           9.16 |             7.226 |           0.07 |   1 day, 9:58:00 |    23     7     6  63.9 |
|     DENT/USDT |        37 |           0.25 |           9.24 |             6.975 |           0.07 |   1 day, 6:19:00 |    26     5     6  70.3 |
|     RUNE/USDT |        47 |           0.17 |           8.21 |             6.195 |           0.06 |   1 day, 1:01:00 |    33     5     9  70.2 |
|      ENJ/USDT |        94 |           0.10 |           9.44 |             6.015 |           0.06 |          9:34:00 |    60    21    13  63.8 |
|      ICP/USDT |        44 |           0.18 |           8.03 |             5.957 |           0.06 |   1 day, 3:35:00 |    33     6     5  75.0 |
|     CELO/USDT |       107 |           0.09 |           9.99 |             5.933 |           0.06 |          5:00:00 |    66    28    13  61.7 |
|     EGLD/USDT |       116 |           0.08 |           9.13 |             5.251 |           0.05 |          6:21:00 |    77    22    17  66.4 |
|      FIL/USDT |        38 |           0.19 |           7.19 |             5.164 |           0.05 |   1 day, 7:26:00 |    28     5     5  73.7 |
|      HNT/USDT |        69 |           0.12 |           8.39 |             4.995 |           0.05 |         14:29:00 |    39    20    10  56.5 |
|      EOS/USDT |        44 |           0.15 |           6.78 |             4.817 |           0.05 |   1 day, 0:00:00 |    29     9     6  65.9 |
|      ONE/USDT |        65 |           0.11 |           7.12 |             4.611 |           0.05 |         16:21:00 |    49    11     5  75.4 |
|      DOT/USDT |        54 |           0.12 |           6.55 |             4.570 |           0.05 |         20:41:00 |    36    13     5  66.7 |
|      HOT/USDT |        56 |           0.12 |           6.77 |             4.441 |           0.04 |         17:58:00 |    38    10     8  67.9 |
|   BTCDOM/USDT |        45 |           0.11 |           5.04 |             3.805 |           0.04 |   1 day, 3:32:00 |    28     9     8  62.2 |
|      ETH/USDT |        38 |           0.13 |           5.10 |             3.635 |           0.04 |   1 day, 7:41:00 |    27     3     8  71.1 |
|      SKL/USDT |        61 |           0.12 |           7.43 |             3.552 |           0.04 |         18:10:00 |    35    16    10  57.4 |
|      BTC/USDT |        43 |           0.10 |           4.33 |             3.064 |           0.03 |   1 day, 2:48:00 |    31     8     4  72.1 |
|     CTSI/USDT |        34 |           0.13 |           4.45 |             2.789 |           0.03 |  1 day, 14:13:00 |    24     5     5  70.6 |
|     STMX/USDT |        91 |           0.06 |           5.56 |             2.678 |           0.03 |          8:02:00 |    57    21    13  62.6 |
|     FLOW/USDT |        45 |           0.10 |           4.69 |             2.575 |           0.03 |   1 day, 2:24:00 |    35     4     6  77.8 |
|     BAKE/USDT |        63 |           0.06 |           3.75 |             1.535 |           0.02 |         16:09:00 |    45     8    10  71.4 |
|      FLM/USDT |        82 |           0.03 |           2.70 |             0.890 |           0.01 |         11:18:00 |    63     8    11  76.8 |
|      BAT/USDT |        50 |           0.03 |           1.73 |             0.439 |           0.00 |         23:13:00 |    33     7    10  66.0 |
|    ALICE/USDT |        73 |           0.04 |           3.25 |            -0.018 |          -0.00 |         14:12:00 |    48    13    12  65.8 |
|     SAND/USDT |        73 |           0.03 |           1.93 |            -0.412 |          -0.00 |         13:16:00 |    46    16    11  63.0 |
|     AVAX/USDT |        95 |           0.00 |           0.45 |            -0.828 |          -0.01 |          8:50:00 |    65    20    10  68.4 |
|      STG/USDT |        65 |          -0.03 |          -1.66 |            -2.622 |          -0.03 |         15:49:00 |    44    13     8  67.7 |
|      NKN/USDT |        62 |          -0.03 |          -2.04 |            -2.784 |          -0.03 |         17:24:00 |    50     6     6  80.6 |
|      BAL/USDT |        55 |          -0.07 |          -3.88 |            -3.199 |          -0.03 |         19:53:00 |    38     8     9  69.1 |
|      TRB/USDT |        82 |          -0.02 |          -1.39 |            -3.220 |          -0.03 |          9:43:00 |    56    16    10  68.3 |
|      APE/USDT |        91 |          -0.02 |          -1.50 |            -3.514 |          -0.04 |          9:22:00 |    67    10    14  73.6 |
|      CHR/USDT |        75 |          -0.04 |          -2.66 |            -3.919 |          -0.04 |         12:35:00 |    46    18    11  61.3 |
|      ENS/USDT |        89 |          -0.04 |          -3.86 |            -4.037 |          -0.04 |          8:51:00 |    51    36     2  57.3 |
|      ZEC/USDT |        68 |          -0.00 |          -0.05 |            -4.115 |          -0.04 |         16:06:00 |    44    11    13  64.7 |
|      INJ/USDT |        87 |          -0.05 |          -4.43 |            -5.655 |          -0.06 |         11:37:00 |    53    21    13  60.9 |
|    THETA/USDT |        79 |          -0.07 |          -5.88 |            -5.662 |          -0.06 |         10:47:00 |    56    14     9  70.9 |
|     QTUM/USDT |        78 |          -0.07 |          -5.42 |            -5.743 |          -0.06 |         12:34:00 |    51    16    11  65.4 |
|     IOST/USDT |        95 |          -0.08 |          -7.73 |            -7.400 |          -0.07 |          8:43:00 |    62    23    10  65.3 |
|    JASMY/USDT |        91 |          -0.09 |          -7.93 |            -7.963 |          -0.08 |          8:41:00 |    60    15    16  65.9 |
|      ICX/USDT |        97 |          -0.09 |          -8.41 |            -7.987 |          -0.08 |          9:29:00 |    73    14    10  75.3 |
|     MANA/USDT |        59 |          -0.15 |          -8.59 |            -8.005 |          -0.08 |         17:50:00 |    39    13     7  66.1 |
|      C98/USDT |        98 |          -0.09 |          -9.22 |            -8.260 |          -0.08 |          7:45:00 |    68    15    15  69.4 |
|     TOMO/USDT |        85 |          -0.10 |          -8.30 |            -8.679 |          -0.09 |         10:55:00 |    54    19    12  63.5 |
|      SXP/USDT |        72 |          -0.13 |          -9.22 |            -8.737 |          -0.09 |         14:20:00 |    43    17    12  59.7 |
|      RVN/USDT |        48 |          -0.22 |         -10.61 |            -8.803 |          -0.09 |         22:32:00 |    31    10     7  64.6 |
|      BEL/USDT |        72 |          -0.13 |          -9.02 |            -9.423 |          -0.09 |         14:49:00 |    49    12    11  68.1 |
|      ATA/USDT |        63 |          -0.15 |          -9.20 |            -9.431 |          -0.09 |         16:42:00 |    43     9    11  68.3 |
|      LTC/USDT |        74 |          -0.20 |         -14.88 |           -11.636 |          -0.12 |         12:28:00 |    53    11    10  71.6 |
|     IOTA/USDT |        31 |          -0.52 |         -16.10 |           -12.074 |          -0.12 |  1 day, 15:24:00 |    18     7     6  58.1 |
|       OP/USDT |        62 |          -0.22 |         -13.34 |           -12.552 |          -0.13 |         16:10:00 |    47     5    10  75.8 |
|     COMP/USDT |        30 |          -0.64 |         -19.13 |           -14.628 |          -0.15 |  1 day, 18:59:00 |    17     7     6  56.7 |
|      ZRX/USDT |        54 |          -0.31 |         -16.55 |           -14.748 |          -0.15 |         20:43:00 |    37     7    10  68.5 |
|      SOL/USDT |        79 |          -0.19 |         -14.76 |           -14.795 |          -0.15 |         10:29:00 |    59    13     7  74.7 |
|      IMX/USDT |        39 |          -0.49 |         -19.30 |           -16.569 |          -0.17 |   1 day, 7:18:00 |    29     4     6  74.4 |
|      GRT/USDT |        54 |          -0.36 |         -19.18 |           -17.291 |          -0.17 |         20:41:00 |    38     8     8  70.4 |
|     ALGO/USDT |        90 |          -0.21 |         -18.97 |           -17.327 |          -0.17 |         10:42:00 |    68    14     8  75.6 |
|    MATIC/USDT |        26 |          -0.93 |         -24.21 |           -19.714 |          -0.20 |  2 days, 0:33:00 |    18     5     3  69.2 |
|     REEF/USDT |        55 |          -0.43 |         -23.92 |           -19.761 |          -0.20 |         20:07:00 |    36    11     8  65.5 |
|     DYDX/USDT |        85 |          -0.29 |         -24.33 |           -20.084 |          -0.20 |         10:46:00 |    56    17    12  65.9 |
|    SUSHI/USDT |        93 |          -0.26 |         -23.77 |           -20.524 |          -0.21 |          9:21:00 |    58    20    15  62.4 |
|      GAL/USDT |        47 |          -0.52 |         -24.58 |           -21.348 |          -0.21 |         23:42:00 |    30    11     6  63.8 |
|     ATOM/USDT |        40 |          -0.65 |         -25.84 |           -22.115 |          -0.22 |   1 day, 4:54:00 |    27     7     6  67.5 |
|     BAND/USDT |        95 |          -0.29 |         -27.17 |           -22.879 |          -0.23 |          8:46:00 |    67    15    13  70.5 |
|      OMG/USDT |        44 |          -0.63 |         -27.55 |           -23.180 |          -0.23 |   1 day, 3:06:00 |    30     8     6  68.2 |
|      SNX/USDT |        69 |          -0.54 |         -37.40 |           -31.925 |          -0.32 |         14:19:00 |    37    17    15  53.6 |
|      MKR/USDT |        34 |          -1.27 |         -43.27 |           -34.148 |          -0.34 |  1 day, 12:55:00 |    24     4     6  70.6 |
| FOOTBALL/USDT |        52 |          -1.10 |         -57.15 |           -40.009 |          -0.40 |         22:16:00 |    39     7     6  75.0 |
|      WOO/USDT |        54 |          -0.95 |         -51.05 |           -42.056 |          -0.42 |         20:26:00 |    33    11    10  61.1 |
|      FTM/USDT |        64 |          -0.80 |         -51.30 |           -43.838 |          -0.44 |         15:00:00 |    42    12    10  65.6 |
|      CVX/USDT |        65 |          -0.93 |         -60.46 |           -44.251 |          -0.44 |         17:23:00 |    49    11     5  75.4 |
|      GTC/USDT |        74 |          -0.71 |         -52.41 |           -44.534 |          -0.45 |         12:50:00 |    49    12    13  66.2 |
|     NEAR/USDT |        20 |          -2.86 |         -57.15 |           -44.810 |          -0.45 | 2 days, 17:34:00 |    13     2     5  65.0 |
|       AR/USDT |        51 |          -1.09 |         -55.38 |           -47.627 |          -0.48 |         22:00:00 |    30    13     8  58.8 |
|     DOGE/USDT |        72 |          -0.86 |         -61.84 |           -52.278 |          -0.52 |         11:51:00 |    47    13    12  65.3 |
|      KNC/USDT |        36 |          -1.79 |         -64.42 |           -53.353 |          -0.53 |   1 day, 8:26:00 |    25     4     7  69.4 |
|      LIT/USDT |        82 |          -0.92 |         -75.65 |           -62.603 |          -0.63 |         10:55:00 |    45    21    16  54.9 |
|      AXS/USDT |        75 |          -1.40 |        -105.01 |           -79.499 |          -0.79 |         12:45:00 |    51    13    11  68.0 |
|      CHZ/USDT |        61 |          -1.69 |        -103.29 |           -81.643 |          -0.82 |         18:18:00 |    41     9    11  67.2 |
|     KLAY/USDT |        76 |          -1.57 |        -119.52 |           -96.656 |          -0.97 |         12:21:00 |    44    16    16  57.9 |
|     MASK/USDT |        81 |          -1.63 |        -132.10 |          -106.860 |          -1.07 |         11:02:00 |    57    11    13  70.4 |
|         TOTAL |      9338 |          -0.00 |         -18.88 |          -147.703 |          -1.48 |         14:28:00 |  6358  1709  1271  68.1 |
=========================================================== ENTER TAG STATS ===========================================================
|   TAG |   Entries |   Avg Profit % |   Cum Profit % |   Tot Profit USDT |   Tot Profit % |   Avg Duration |   Win  Draw  Loss  Win% |
|-------+-----------+----------------+----------------+-------------------+----------------+----------------+-------------------------|
| TOTAL |      9338 |          -0.00 |         -18.88 |          -147.703 |          -1.48 |       14:28:00 |  6358  1709  1271  68.1 |
===================================================== EXIT REASON STATS =====================================================
|   Exit Reason |   Exits |   Win  Draws  Loss  Win% |   Avg Profit % |   Cum Profit % |   Tot Profit USDT |   Tot Profit % |
|---------------+---------+--------------------------+----------------+----------------+-------------------+----------------|
|           roi |    9081 |   6344  1709  1028  69.9 |           0.61 |        5568.47 |          4404.49  |          42.51 |
|     stop_loss |     140 |      0     0   140     0 |         -31.05 |       -4347.5  |         -3559.13  |         -33.19 |
|    force_exit |     114 |     14     0   100  12.3 |          -8.46 |        -964.78 |          -780.59  |          -7.36 |
|   liquidation |       3 |      0     0     3     0 |         -91.69 |        -275.07 |          -212.475 |          -2.1  |
============================================================ LEFT OPEN TRADES REPORT =============================================================
|          Pair |   Entries |   Avg Profit % |   Cum Profit % |   Tot Profit USDT |   Tot Profit % |      Avg Duration |   Win  Draw  Loss  Win% |
|---------------+-----------+----------------+----------------+-------------------+----------------+-------------------+-------------------------|
|      APE/USDT |         1 |           0.50 |           0.50 |             0.387 |           0.00 |           0:35:00 |     1     0     0   100 |
|     DYDX/USDT |         1 |           0.47 |           0.47 |             0.376 |           0.00 |           0:15:00 |     1     0     0   100 |
|    WAVES/USDT |         1 |           0.34 |           0.34 |             0.270 |           0.00 |           0:30:00 |     1     0     0   100 |
|    SPELL/USDT |         1 |           0.28 |           0.28 |             0.222 |           0.00 |           1:40:00 |     1     0     0   100 |
|     BAND/USDT |         1 |           0.22 |           0.22 |             0.173 |           0.00 |           0:10:00 |     1     0     0   100 |
|     DASH/USDT |         1 |           0.21 |           0.21 |             0.172 |           0.00 |           0:15:00 |     1     0     0   100 |
|     STMX/USDT |         1 |           0.15 |           0.15 |             0.118 |           0.00 |           0:55:00 |     1     0     0   100 |
|      BCH/USDT |         1 |           0.09 |           0.09 |             0.074 |           0.00 |           0:30:00 |     1     0     0   100 |
|      RSR/USDT |         1 |           0.08 |           0.08 |             0.061 |           0.00 |           1:50:00 |     1     0     0   100 |
|    1INCH/USDT |         1 |           0.05 |           0.05 |             0.044 |           0.00 |           0:35:00 |     1     0     0   100 |
|     IOTA/USDT |         1 |           0.05 |           0.05 |             0.042 |           0.00 |           0:25:00 |     1     0     0   100 |
|      AXS/USDT |         1 |           0.05 |           0.05 |             0.035 |           0.00 |           1:30:00 |     1     0     0   100 |
|      SKL/USDT |         1 |           0.03 |           0.03 |             0.026 |           0.00 |           0:55:00 |     1     0     0   100 |
|      GMT/USDT |         1 |           0.01 |           0.01 |             0.009 |           0.00 |           0:55:00 |     1     0     0   100 |
|     DOGE/USDT |         1 |          -0.01 |          -0.01 |            -0.010 |          -0.00 |           1:20:00 |     0     0     1     0 |
|      STG/USDT |         1 |          -0.06 |          -0.06 |            -0.051 |          -0.00 |           1:50:00 |     0     0     1     0 |
|      LRC/USDT |         1 |          -0.08 |          -0.08 |            -0.064 |          -0.00 |           1:30:00 |     0     0     1     0 |
|    STORJ/USDT |         1 |          -0.30 |          -0.30 |            -0.245 |          -0.00 |           1:55:00 |     0     0     1     0 |
|     MASK/USDT |         1 |          -0.35 |          -0.35 |            -0.271 |          -0.00 |           0:10:00 |     0     0     1     0 |
|      XLM/USDT |         1 |          -0.38 |          -0.38 |            -0.302 |          -0.00 |           3:15:00 |     0     0     1     0 |
|      VET/USDT |         1 |          -0.51 |          -0.51 |            -0.409 |          -0.00 |           5:15:00 |     0     0     1     0 |
|      ETC/USDT |         1 |          -0.54 |          -0.54 |            -0.431 |          -0.00 |           1:55:00 |     0     0     1     0 |
|      RVN/USDT |         1 |          -0.68 |          -0.68 |            -0.548 |          -0.01 |           3:30:00 |     0     0     1     0 |
|     CELO/USDT |         1 |          -0.86 |          -0.86 |            -0.694 |          -0.01 |           0:10:00 |     0     0     1     0 |
|      ENJ/USDT |         1 |          -0.98 |          -0.98 |            -0.783 |          -0.01 |           4:35:00 |     0     0     1     0 |
|      SNX/USDT |         1 |          -1.15 |          -1.15 |            -0.921 |          -0.01 |           4:50:00 |     0     0     1     0 |
|     EGLD/USDT |         1 |          -1.20 |          -1.20 |            -0.931 |          -0.01 |           3:30:00 |     0     0     1     0 |
|      ZIL/USDT |         1 |          -1.29 |          -1.29 |            -1.035 |          -0.01 |   3 days, 0:50:00 |     0     0     1     0 |
|     COMP/USDT |         1 |          -1.49 |          -1.49 |            -1.199 |          -0.01 |           2:55:00 |     0     0     1     0 |
|     SAND/USDT |         1 |          -1.52 |          -1.52 |            -1.219 |          -0.01 |           3:30:00 |     0     0     1     0 |
|    SUSHI/USDT |         1 |          -1.70 |          -1.70 |            -1.352 |          -0.01 |           2:35:00 |     0     0     1     0 |
|   PEOPLE/USDT |         1 |          -1.72 |          -1.72 |            -1.384 |          -0.01 |           4:35:00 |     0     0     1     0 |
|      DAR/USDT |         1 |          -1.84 |          -1.84 |            -1.479 |          -0.01 |           4:10:00 |     0     0     1     0 |
|     LINK/USDT |         1 |          -1.85 |          -1.85 |            -1.481 |          -0.01 |           4:50:00 |     0     0     1     0 |
|      SFP/USDT |         1 |          -2.35 |          -2.35 |            -1.873 |          -0.02 |          11:30:00 |     0     0     1     0 |
|      ANT/USDT |         1 |          -2.89 |          -2.89 |            -2.272 |          -0.02 | 10 days, 23:35:00 |     0     0     1     0 |
|      XRP/USDT |         1 |          -3.11 |          -3.11 |            -2.690 |          -0.03 |  22 days, 5:45:00 |     0     0     1     0 |
|      ZEC/USDT |         1 |          -3.99 |          -3.99 |            -3.193 |          -0.03 |          14:20:00 |     0     0     1     0 |
|   BTCDOM/USDT |         1 |          -4.43 |          -4.43 |            -3.473 |          -0.03 |  6 days, 22:10:00 |     0     0     1     0 |
|      BLZ/USDT |         1 |          -4.78 |          -4.78 |            -3.836 |          -0.04 |   1 day, 22:00:00 |     0     0     1     0 |
|      UNI/USDT |         1 |          -5.47 |          -5.47 |            -4.047 |          -0.04 | 14 days, 16:20:00 |     0     0     1     0 |
|      ADA/USDT |         1 |          -5.37 |          -5.37 |            -4.108 |          -0.04 | 14 days, 15:20:00 |     0     0     1     0 |
|      APT/USDT |         1 |          -5.30 |          -5.30 |            -4.248 |          -0.04 |   1 day, 23:20:00 |     0     0     1     0 |
|      MKR/USDT |         1 |          -5.53 |          -5.53 |            -4.249 |          -0.04 | 14 days, 15:40:00 |     0     0     1     0 |
|       AR/USDT |         1 |          -5.61 |          -5.61 |            -4.367 |          -0.04 | 10 days, 15:10:00 |     0     0     1     0 |
|     MANA/USDT |         1 |          -5.75 |          -5.75 |            -4.421 |          -0.04 | 14 days, 10:00:00 |     0     0     1     0 |
|      OGN/USDT |         1 |          -5.62 |          -5.62 |            -4.507 |          -0.05 |   1 day, 21:45:00 |     0     0     1     0 |
|     AAVE/USDT |         1 |          -5.73 |          -5.73 |            -4.597 |          -0.05 |    1 day, 1:00:00 |     0     0     1     0 |
|      DGB/USDT |         1 |          -5.33 |          -5.33 |            -4.604 |          -0.05 |  22 days, 5:45:00 |     0     0     1     0 |
|      XEM/USDT |         1 |          -5.61 |          -5.61 |            -4.845 |          -0.05 |  22 days, 5:45:00 |     0     0     1     0 |
|      BAL/USDT |         1 |          -6.09 |          -6.09 |            -4.884 |          -0.05 |   1 day, 21:35:00 |     0     0     1     0 |
|      ETH/USDT |         1 |          -5.95 |          -5.95 |            -5.085 |          -0.05 |  22 days, 5:35:00 |     0     0     1     0 |
|      BNX/USDT |         1 |          -6.91 |          -6.91 |            -5.192 |          -0.05 |   4 days, 4:25:00 |     0     0     1     0 |
|      LIT/USDT |         1 |          -6.62 |          -6.62 |            -5.326 |          -0.05 |    1 day, 8:25:00 |     0     0     1     0 |
|    MATIC/USDT |         1 |          -7.25 |          -7.25 |            -5.461 |          -0.05 | 18 days, 20:30:00 |     0     0     1     0 |
|      YFI/USDT |         1 |          -7.02 |          -7.02 |            -5.623 |          -0.06 |  22 days, 5:45:00 |     0     0     1     0 |
|     API3/USDT |         1 |          -7.16 |          -7.16 |            -5.738 |          -0.06 | 21 days, 16:55:00 |     0     0     1     0 |
|     COTI/USDT |         1 |          -8.29 |          -8.29 |            -6.142 |          -0.06 |  19 days, 9:50:00 |     0     0     1     0 |
|     KLAY/USDT |         1 |          -8.17 |          -8.17 |            -6.560 |          -0.07 |   1 day, 20:05:00 |     0     0     1     0 |
|      HNT/USDT |         1 |          -8.45 |          -8.45 |            -6.573 |          -0.07 |  8 days, 10:25:00 |     0     0     1     0 |
|    JASMY/USDT |         1 |          -8.21 |          -8.21 |            -6.590 |          -0.07 |   2 days, 1:15:00 |     0     0     1     0 |
|      XMR/USDT |         1 |          -7.72 |          -7.72 |            -6.603 |          -0.07 | 22 days, 20:35:00 |     0     0     1     0 |
|     IOST/USDT |         1 |          -8.49 |          -8.49 |            -6.683 |          -0.07 |  8 days, 10:45:00 |     0     0     1     0 |
|     ANKR/USDT |         1 |          -9.05 |          -9.05 |            -7.120 |          -0.07 |  8 days, 10:55:00 |     0     0     1     0 |
|      BTC/USDT |         1 |          -9.52 |          -9.52 |            -7.242 |          -0.07 |  22 days, 5:45:00 |     0     0     1     0 |
|     ALGO/USDT |         1 |          -9.56 |          -9.56 |            -7.538 |          -0.08 |  10 days, 7:45:00 |     0     0     1     0 |
|       OP/USDT |         1 |         -10.03 |         -10.03 |            -8.052 |          -0.08 |          23:20:00 |     0     0     1     0 |
| FOOTBALL/USDT |         1 |         -11.38 |         -11.38 |            -8.093 |          -0.08 |  10 days, 3:30:00 |     0     0     1     0 |
|      ONT/USDT |         1 |          -9.43 |          -9.43 |            -8.145 |          -0.08 |  22 days, 5:45:00 |     0     0     1     0 |
|      GRT/USDT |         1 |         -10.56 |         -10.56 |            -8.332 |          -0.08 |   7 days, 9:00:00 |     0     0     1     0 |
|      SXP/USDT |         1 |         -10.71 |         -10.71 |            -8.432 |          -0.08 |  7 days, 23:45:00 |     0     0     1     0 |
|      NKN/USDT |         1 |          -9.93 |          -9.93 |            -8.581 |          -0.09 |  22 days, 5:45:00 |     0     0     1     0 |
|      ZRX/USDT |         1 |         -10.99 |         -10.99 |            -8.644 |          -0.09 |  8 days, 10:45:00 |     0     0     1     0 |
|      REN/USDT |         1 |         -11.32 |         -11.32 |            -9.090 |          -0.09 |   1 day, 14:25:00 |     0     0     1     0 |
|     RUNE/USDT |         1 |         -10.72 |         -10.72 |            -9.109 |          -0.09 |  22 days, 5:45:00 |     0     0     1     0 |
|      ICP/USDT |         1 |         -11.29 |         -11.29 |            -9.348 |          -0.09 |  22 days, 5:35:00 |     0     0     1     0 |
|      EOS/USDT |         1 |         -10.88 |         -10.88 |            -9.392 |          -0.09 |  22 days, 5:45:00 |     0     0     1     0 |
|     QTUM/USDT |         1 |         -11.96 |         -11.96 |            -9.405 |          -0.09 |  8 days, 10:55:00 |     0     0     1     0 |
|      CVX/USDT |         1 |         -12.73 |         -12.73 |            -9.709 |          -0.10 |   8 days, 9:35:00 |     0     0     1     0 |
|     BAKE/USDT |         1 |         -12.40 |         -12.40 |            -9.750 |          -0.10 |  8 days, 10:45:00 |     0     0     1     0 |
|      MTL/USDT |         1 |         -13.43 |         -13.43 |           -10.522 |          -0.11 |  8 days, 10:45:00 |     0     0     1     0 |
|      INJ/USDT |         1 |         -13.60 |         -13.60 |           -10.905 |          -0.11 |   1 day, 22:10:00 |     0     0     1     0 |
|      HOT/USDT |         1 |         -12.73 |         -12.73 |           -11.001 |          -0.11 |  22 days, 5:45:00 |     0     0     1     0 |
|      KNC/USDT |         1 |         -13.80 |         -13.80 |           -11.099 |          -0.11 |          23:45:00 |     0     0     1     0 |
|     ATOM/USDT |         1 |         -14.45 |         -14.45 |           -11.360 |          -0.11 |  8 days, 10:45:00 |     0     0     1     0 |
|      DOT/USDT |         1 |         -13.80 |         -13.80 |           -11.860 |          -0.12 |  22 days, 5:45:00 |     0     0     1     0 |
|     DENT/USDT |         1 |         -13.76 |         -13.76 |           -11.890 |          -0.12 |  22 days, 5:45:00 |     0     0     1     0 |
|      FLM/USDT |         1 |         -15.52 |         -15.52 |           -12.205 |          -0.12 |  8 days, 10:40:00 |     0     0     1     0 |
|      FIL/USDT |         1 |         -14.36 |         -14.36 |           -12.344 |          -0.12 |  22 days, 5:45:00 |     0     0     1     0 |
|    THETA/USDT |         1 |         -15.88 |         -15.88 |           -12.479 |          -0.12 |  8 days, 10:55:00 |     0     0     1     0 |
|     TOMO/USDT |         1 |         -16.16 |         -16.16 |           -12.679 |          -0.13 |  8 days, 10:35:00 |     0     0     1     0 |
|      IMX/USDT |         1 |         -16.48 |         -16.48 |           -12.906 |          -0.13 |  8 days, 10:45:00 |     0     0     1     0 |
|      SOL/USDT |         1 |         -18.24 |         -18.24 |           -13.403 |          -0.13 |   8 days, 1:00:00 |     0     0     1     0 |
|      LPT/USDT |         1 |         -15.96 |         -15.96 |           -13.667 |          -0.14 |  22 days, 5:45:00 |     0     0     1     0 |
|     CELR/USDT |         1 |         -16.12 |         -16.12 |           -13.921 |          -0.14 |  22 days, 5:45:00 |     0     0     1     0 |
|     CTSI/USDT |         1 |         -16.28 |         -16.28 |           -14.055 |          -0.14 |  22 days, 5:45:00 |     0     0     1     0 |
|      ZEN/USDT |         1 |         -16.66 |         -16.66 |           -14.182 |          -0.14 |  22 days, 5:35:00 |     0     0     1     0 |
|      QNT/USDT |         1 |         -19.60 |         -19.60 |           -14.240 |          -0.14 |  8 days, 12:45:00 |     0     0     1     0 |
|      WOO/USDT |         1 |         -18.12 |         -18.12 |           -14.243 |          -0.14 |  8 days, 10:45:00 |     0     0     1     0 |
|      OMG/USDT |         1 |         -18.13 |         -18.13 |           -14.253 |          -0.14 |  8 days, 10:40:00 |     0     0     1     0 |
|     LINA/USDT |         1 |         -16.72 |         -16.72 |           -14.444 |          -0.14 |  22 days, 5:45:00 |     0     0     1     0 |
|      LTC/USDT |         1 |         -18.70 |         -18.70 |           -14.705 |          -0.15 |  8 days, 10:50:00 |     0     0     1     0 |
|    AUDIO/USDT |         1 |         -17.08 |         -17.08 |           -14.723 |          -0.15 |  22 days, 5:45:00 |     0     0     1     0 |
|     UNFI/USDT |         1 |         -19.04 |         -19.04 |           -14.912 |          -0.15 |  8 days, 11:30:00 |     0     0     1     0 |
|      BEL/USDT |         1 |         -19.39 |         -19.39 |           -15.225 |          -0.15 |  8 days, 10:35:00 |     0     0     1     0 |
|    ALPHA/USDT |         1 |         -17.81 |         -17.81 |           -15.378 |          -0.15 |  22 days, 5:45:00 |     0     0     1     0 |
|      FTM/USDT |         1 |         -19.19 |         -19.19 |           -15.399 |          -0.15 |   1 day, 21:40:00 |     0     0     1     0 |
|      XTZ/USDT |         1 |         -17.93 |         -17.93 |           -15.484 |          -0.15 |  22 days, 5:45:00 |     0     0     1     0 |
|      GTC/USDT |         1 |         -21.46 |         -21.46 |           -16.861 |          -0.17 |  8 days, 10:45:00 |     0     0     1     0 |
|      BAT/USDT |         1 |         -19.96 |         -19.96 |           -17.241 |          -0.17 |  22 days, 5:45:00 |     0     0     1     0 |
|      ONE/USDT |         1 |         -20.08 |         -20.08 |           -17.302 |          -0.17 |  22 days, 5:35:00 |     0     0     1     0 |
|      CHZ/USDT |         1 |         -23.48 |         -23.48 |           -18.487 |          -0.18 |  10 days, 7:45:00 |     0     0     1     0 |
|      GAL/USDT |         1 |         -23.68 |         -23.68 |           -18.610 |          -0.19 |  8 days, 10:30:00 |     0     0     1     0 |
|     FLOW/USDT |         1 |         -25.52 |         -25.52 |           -22.031 |          -0.22 |  22 days, 5:45:00 |     0     0     1     0 |
|         TOTAL |       114 |          -8.46 |        -964.78 |          -780.590 |          -7.81 |  8 days, 21:04:00 |    14     0   100  12.3 |
================== SUMMARY METRICS ==================
| Metric                      | Value               |
|-----------------------------+---------------------|
| Backtesting from            | 2022-10-01 00:00:00 |
| Backtesting to              | 2022-12-01 00:00:00 |
| Max open trades             | 131                 |
|                             |                     |
| Total/Daily Avg Trades      | 9338 / 153.08       |
| Starting balance            | 10000 USDT          |
| Final balance               | 9852.297 USDT       |
| Absolute profit             | -147.703 USDT       |
| Total profit %              | -1.48%              |
| CAGR %                      | -8.52%              |
| Profit factor               | 0.97                |
| Trades per day              | 153.08              |
| Avg. daily profit %         | -0.02%              |
| Avg. stake amount           | 78.793 USDT         |
| Total trade volume          | 735764.783 USDT     |
|                             |                     |
| Long / Short                | 4825 / 4513         |
| Total profit Long %         | -3.08%              |
| Total profit Short %        | 1.60%               |
| Absolute profit Long        | -308.125 USDT       |
| Absolute profit Short       | 160.422 USDT        |
|                             |                     |
| Best Pair                   | API3/USDT 60.77%    |
| Worst Pair                  | MASK/USDT -132.10%  |
| Best trade                  | GALA/USDT 14.80%    |
| Worst trade                 | AXS/USDT -93.20%    |
| Best day                    | 251.211 USDT        |
| Worst day                   | -823.028 USDT       |
| Days win/draw/lose          | 46 / 0 / 16         |
| Avg. Duration Winners       | 7:44:00             |
| Avg. Duration Loser         | 2 days, 15:40:00    |
| Rejected Entry signals      | 180                 |
| Entry/Exit Timeouts         | 0 / 0               |
|                             |                     |
| Min balance                 | 9781.165 USDT       |
| Max balance                 | 11476.365 USDT      |
| Max % of account underwater | 14.77%              |
| Absolute Drawdown (Account) | 14.77%              |
| Absolute Drawdown           | 1695.2 USDT         |
| Drawdown high               | 1476.365 USDT       |
| Drawdown low                | -218.835 USDT       |
| Drawdown Start              | 2022-11-08 17:55:00 |
| Drawdown End                | 2022-11-11 01:00:00 |
| Market change               | -15.47%             |
=====================================================

